   2.0000000000000000e+00	   4.0000000000000000e+00	   6.0000000000000000e+00	   8.0000000000000000e+00	   1.0000000000000000e+01	   1.2000000000000000e+01	   1.4000000000000000e+01	   1.6000000000000000e+01	   1.8000000000000000e+01	   2.0000000000000000e+01	   2.2000000000000000e+01	   2.4000000000000000e+01	   2.6000000000000000e+01	   2.8000000000000000e+01	   3.0000000000000000e+01	   3.2000000000000000e+01	   3.4000000000000000e+01	   3.6000000000000000e+01	   3.8000000000000000e+01	   4.0000000000000000e+01	   4.2000000000000000e+01	   4.4000000000000000e+01	   4.6000000000000000e+01	   4.8000000000000000e+01	   5.0000000000000000e+01	   5.2000000000000000e+01	   5.4000000000000000e+01	   5.6000000000000000e+01	   5.8000000000000000e+01	   6.0000000000000000e+01	   6.2000000000000000e+01	   6.4000000000000000e+01	   6.6000000000000000e+01	   6.8000000000000000e+01	   7.0000000000000000e+01	   7.2000000000000000e+01	   7.4000000000000000e+01	   7.6000000000000000e+01	   7.8000000000000000e+01	   8.0000000000000000e+01	   8.2000000000000000e+01	   8.4000000000000000e+01	   8.6000000000000000e+01	   8.8000000000000000e+01	   9.0000000000000000e+01	   9.2000000000000000e+01	   9.4000000000000000e+01	   9.6000000000000000e+01	   9.8000000000000000e+01	   1.0000000000000000e+02	   1.0200000000000000e+02	   1.0400000000000000e+02	   1.0600000000000000e+02	   1.0800000000000000e+02	   1.1000000000000000e+02	   1.1200000000000000e+02	   1.1400000000000000e+02	   1.1600000000000000e+02	   1.1800000000000000e+02	   1.2000000000000000e+02	   1.2200000000000000e+02	   1.2400000000000000e+02	   1.2600000000000000e+02	   1.2800000000000000e+02	   1.3000000000000000e+02	   1.3200000000000000e+02	   1.3400000000000000e+02	   1.3600000000000000e+02	   1.3800000000000000e+02	   1.4000000000000000e+02	   1.4200000000000000e+02	   1.4400000000000000e+02	   1.4600000000000000e+02	   1.4800000000000000e+02	   1.5000000000000000e+02	   1.5200000000000000e+02	   1.5400000000000000e+02	   1.5600000000000000e+02	   1.5800000000000000e+02	   1.6000000000000000e+02	   1.6200000000000000e+02	   1.6400000000000000e+02	   1.6600000000000000e+02	   1.6800000000000000e+02	   1.7000000000000000e+02	   1.7200000000000000e+02	   1.7400000000000000e+02	   1.7600000000000000e+02	   1.7800000000000000e+02	   1.8000000000000000e+02	   1.8200000000000000e+02	   1.8400000000000000e+02	   1.8600000000000000e+02	   1.8800000000000000e+02	
   0.0000000000000000e+00	   0.0000000000000000e+00	
  -1.0000000000000000e+00	  -1.0000000000000000e+00	
  -1.0000000000000000e+00	  -1.0000000000000000e+00	
  -1.0000000000000000e+00	  -1.0000000000000000e+00	
  -1.0000000000000000e+00	  -1.0000000000000000e+00	
  -1.0000000000000000e+00	  -1.0000000000000000e+00	
  -1.0000000000000000e+00	  -1.0000000000000000e+00	
  -1.0000000000000000e+00	  -1.0000000000000000e+00	
   1.0000000000000000e+00	   2.6550000000000000e+02	
   6.3959731543624159e+00	   2.6404026845637583e+02	
   4.0065984576907044e+02	   3.0051566694456022e+02	
   2.9477157360406093e+01	   2.6196954314720813e+02	
   4.0064273075327890e+02	   3.0051570312353459e+02	
   5.4370370370370374e+01	   2.6016931216931215e+02	
   6.6567567567567565e+01	   2.5918378378378378e+02	
   7.8786516853932582e+01	   2.5829213483146066e+02	
   4.0061679925138435e+02	   3.0051620090075630e+02	
   1.0291279069767442e+02	   2.5675000000000000e+02	
   1.1482558139534883e+02	   2.5577325581395348e+02	
   1.2668674698795181e+02	   2.5503614457831324e+02	
   1.3868484848484849e+02	   2.5412121212121212e+02	
   1.5045962732919256e+02	   2.5330434782608697e+02	
   1.6208387096774194e+02	   2.5247096774193548e+02	
   1.7379220779220779e+02	   2.5174025974025975e+02	
   1.8532236842105263e+02	   2.5090789473684211e+02	
   1.9682467532467533e+02	   2.5000649350649351e+02	
   2.0833333333333334e+02	   2.4921768707482994e+02	
   2.1961111111111111e+02	   2.4843055555555554e+02	
   2.3103597122302159e+02	   2.4759712230215828e+02	
   2.4225899280575538e+02	   2.4682733812949641e+02	
   2.5346808510638297e+02	   2.4609219858156030e+02	
   2.6462043795620440e+02	   2.4525547445255475e+02	
   2.7571428571428572e+02	   2.4451127819548873e+02	
   2.8674418604651163e+02	   2.4371317829457365e+02	
   2.9768181818181819e+02	   2.4303787878787878e+02	
   3.0861538461538464e+02	   2.4218461538461540e+02	
   3.1929133858267716e+02	   2.4146456692913387e+02	
   3.3007751937984494e+02	   2.4068992248062017e+02	
   3.4079365079365078e+02	   2.3988095238095238e+02	
   3.5145161290322579e+02	   2.3923387096774192e+02	
   3.6212000000000000e+02	   2.3845599999999999e+02	
   3.7268032786885249e+02	   2.3772950819672130e+02	
   4.0050441050519197e+02	   3.0051628229733871e+02	
   3.9356302521008405e+02	   2.3639495798319328e+02	
   4.0404800000000000e+02	   2.3559999999999999e+02	
   4.1434166666666664e+02	   2.3472499999999999e+02	
   4.2456198347107437e+02	   2.3411570247933884e+02	
   4.3475000000000000e+02	   2.3338333333333333e+02	
   4.4507377049180326e+02	   2.3268032786885246e+02	
   4.5743220338983053e+02	   2.2972033898305085e+02	
   4.6538135593220341e+02	   2.3134745762711864e+02	
   4.7530252100840335e+02	   2.3052100840336135e+02	
   4.8524166666666667e+02	   2.2970833333333334e+02	
   4.9504347826086956e+02	   2.2906086956521739e+02	
   5.0490163934426232e+02	   2.2837704918032787e+02	
   5.1462931034482756e+02	   2.2781034482758622e+02	
   5.2470247933884298e+02	   2.2749586776859505e+02	
   5.3482786885245901e+02	   2.2744262295081967e+02	
   5.4500000000000000e+02	   2.2737096774193549e+02	
   5.5491935483870964e+02	   2.2687903225806451e+02	
   5.6421311475409834e+02	   2.2595901639344262e+02	
   5.7306451612903231e+02	   2.2465322580645162e+02	
   5.8106451612903231e+02	   2.2265322580645162e+02	
   5.8816666666666663e+02	   2.2047499999999999e+02	
   5.9438135593220341e+02	   2.1770338983050848e+02	
   5.9968103448275861e+02	   2.1472413793103448e+02	
   6.0392173913043473e+02	   2.1136521739130436e+02	
   6.0692035398230087e+02	   2.0793805309734512e+02	
   6.1055660377358492e+02	   2.0467924528301887e+02	
   6.1506603773584902e+02	   2.0188679245283018e+02	
   6.2041904761904766e+02	   1.9929523809523809e+02	
   6.2581730769230774e+02	   1.9712500000000000e+02	
   6.3116504854368930e+02	   1.9492233009708738e+02	
   6.3597959183673470e+02	   1.9261224489795919e+02	
   6.4044117647058829e+02	   1.9033333333333334e+02	
   6.4464583333333337e+02	   1.8771875000000000e+02	
   6.4859375000000000e+02	   1.8542708333333334e+02	
   6.5237234042553189e+02	   1.8291489361702128e+02	
   6.5602197802197804e+02	   1.8054945054945054e+02	
   6.5938202247191009e+02	   1.7821348314606740e+02	
   6.6264444444444439e+02	   1.7587777777777777e+02	
   6.6598888888888894e+02	   1.7359999999999999e+02	
   6.6908045977011500e+02	   1.7141379310344828e+02	
   6.7222619047619048e+02	   1.6916666666666666e+02	
   6.7513414634146341e+02	   1.6704878048780489e+02	
   6.7800000000000000e+02	   1.6500000000000000e+02	
   6.8093902439024396e+02	   1.6303658536585365e+02	
   6.8386249999999995e+02	   1.6098750000000001e+02	
   6.8642857142857144e+02	   1.5892207792207793e+02	
   6.8912820512820508e+02	   1.5701282051282053e+02	
   6.9193589743589746e+02	   1.5498717948717947e+02	
   6.9433783783783781e+02	   1.5316216216216216e+02	
   6.9689473684210532e+02	   1.5132894736842104e+02	
   6.9940845070422540e+02	   1.4957746478873239e+02	
   7.0172857142857140e+02	   1.4759999999999999e+02	
   0.0000000000000000e+00	   0.0000000000000000e+00	   0.0000000000000000e+00	
   0.0000000000000000e+00	   0.0000000000000000e+00	   0.0000000000000000e+00	
   0.0000000000000000e+00	   0.0000000000000000e+00	   0.0000000000000000e+00	
   0.0000000000000000e+00	   0.0000000000000000e+00	   0.0000000000000000e+00	
   0.0000000000000000e+00	   0.0000000000000000e+00	   0.0000000000000000e+00	
   0.0000000000000000e+00	   0.0000000000000000e+00	   0.0000000000000000e+00	
   0.0000000000000000e+00	   0.0000000000000000e+00	   0.0000000000000000e+00	
   0.0000000000000000e+00	   0.0000000000000000e+00	   0.0000000000000000e+00	
   5.1292667388916016e+00	   6.0687808990478516e+00	   5.0953376293182373e-01	
   5.0796003341674805e+00	   6.0010108947753906e+00	   5.0954073667526245e-01	
   5.0295476913452148e+00	   5.9335579872131348e+00	   5.0953996181488037e-01	
   4.9792380332946777e+00	   5.8662843704223633e+00	   5.0954103469848633e-01	
   4.9287223815917969e+00	   5.7991838455200195e+00	   5.0953710079193115e-01	
   4.8780922889709473e+00	   5.7321405410766602e+00	   5.0953924655914307e-01	
   4.8273482322692871e+00	   5.6652059555053711e+00	   5.0954073667526245e-01	
   4.7765283584594727e+00	   5.5983166694641113e+00	   5.0953924655914307e-01	
   4.7255330085754395e+00	   5.5314383506774902e+00	   5.0948369503021240e-01	
   4.6747174263000488e+00	   5.4647092819213867e+00	   5.0953418016433716e-01	
   4.6238026618957520e+00	   5.3978724479675293e+00	   5.0954043865203857e-01	
   4.5728311538696289e+00	   5.3311057090759277e+00	   5.0954067707061768e-01	
   4.5218415260314941e+00	   5.2642641067504883e+00	   5.0951838493347168e-01	
   4.4708590507507324e+00	   5.1975927352905273e+00	   5.0954073667526245e-01	
   4.4198532104492188e+00	   5.1308541297912598e+00	   5.0953918695449829e-01	
   4.3686814308166504e+00	   5.0640454292297363e+00	   5.0954067707061768e-01	
   4.3178696632385254e+00	   4.9973621368408203e+00	   5.0952911376953125e-01	
   4.2668075561523438e+00	   4.9306616783142090e+00	   5.0953650474548340e-01	
   4.2158312797546387e+00	   4.8639001846313477e+00	   5.0952798128128052e-01	
   4.1647806167602539e+00	   4.7971854209899902e+00	   5.0954073667526245e-01	
   4.1137604713439941e+00	   4.7304496765136719e+00	   5.0953996181488037e-01	
   4.0627169609069824e+00	   4.6636462211608887e+00	   5.0952142477035522e-01	
   4.0117111206054688e+00	   4.5969948768615723e+00	   5.0954079627990723e-01	
   3.9606771469116211e+00	   4.5302863121032715e+00	   5.0953859090805054e-01	
   3.9096548557281494e+00	   4.4635462760925293e+00	   5.0954043865203857e-01	
   3.8586332798004150e+00	   4.3968152999877930e+00	   5.0953948497772217e-01	
   3.8075852394104004e+00	   4.3300309181213379e+00	   5.0952506065368652e-01	
   3.7565886974334717e+00	   4.2633614540100098e+00	   5.0953972339630127e-01	
   3.7055344581604004e+00	   4.1966891288757324e+00	   5.0953394174575806e-01	
   3.6546056270599365e+00	   4.1299009323120117e+00	   5.0952595472335815e-01	
   3.6035077571868896e+00	   4.0631856918334961e+00	   5.0954073667526245e-01	
   3.5524926185607910e+00	   3.9964535236358643e+00	   5.0953829288482666e-01	
   3.5014462471008301e+00	   3.9297511577606201e+00	   5.0953829288482666e-01	
   3.4504504203796387e+00	   3.8629674911499023e+00	   5.0952458381652832e-01	
   3.3994002342224121e+00	   3.7962841987609863e+00	   5.0954055786132812e-01	
   3.3483693599700928e+00	   3.7295589447021484e+00	   5.0954091548919678e-01	
   3.2973544597625732e+00	   3.6628241539001465e+00	   5.0954025983810425e-01	
   3.2463264465332031e+00	   3.5960986614227295e+00	   5.0953996181488037e-01	
   3.1953012943267822e+00	   3.5293760299682617e+00	   5.0954079627990723e-01	
   3.1442785263061523e+00	   3.4626474380493164e+00	   5.0954073667526245e-01	
   3.0932528972625732e+00	   3.3959236145019531e+00	   5.0954073667526245e-01	
   3.0495359897613525e+00	   3.2902195453643799e+00	   5.0954073667526245e-01	
   2.9912006855010986e+00	   3.2624707221984863e+00	   5.0954079627990723e-01	
   2.9401738643646240e+00	   3.1957464218139648e+00	   5.0954073667526245e-01	
   2.8891460895538330e+00	   3.1290137767791748e+00	   5.0953865051269531e-01	
   2.8382012844085693e+00	   3.0622737407684326e+00	   5.0951808691024780e-01	
   2.7870910167694092e+00	   2.9955778121948242e+00	   5.0953972339630127e-01	
   2.7360699176788330e+00	   2.9288437366485596e+00	   5.0954091548919678e-01	
   2.6800136566162109e+00	   2.8663854598999023e+00	   5.0954043865203857e-01	
   2.6213302612304688e+00	   2.8062987327575684e+00	   5.0953400135040283e-01	
   2.5623345375061035e+00	   2.7465326786041260e+00	   5.0951904058456421e-01	
   2.5081329345703125e+00	   2.6824376583099365e+00	   5.0954091548919678e-01	
   2.4606540203094482e+00	   2.6131544113159180e+00	   5.0952637195587158e-01	
   2.4203588962554932e+00	   2.5395584106445312e+00	   5.0954091548919678e-01	
   2.3875961303710938e+00	   2.4623050689697266e+00	   5.0953918695449829e-01	
   2.3627049922943115e+00	   2.3821527957916260e+00	   5.0952982902526855e-01	
   2.3459522724151611e+00	   2.2999088764190674e+00	   5.0954067707061768e-01	
   2.3375372886657715e+00	   2.2164125442504883e+00	   5.0952392816543579e-01	
   2.3374125957489014e+00	   2.1324665546417236e+00	   5.0954079627990723e-01	
   2.3457019329071045e+00	   2.0489494800567627e+00	   5.0954073667526245e-01	
   2.3492145538330078e+00	   1.9650951623916626e+00	   5.0954085588455200e-01	
   2.3443381786346436e+00	   1.8813114166259766e+00	   5.0954067707061768e-01	
   2.3311221599578857e+00	   1.7984310388565063e+00	   5.0954037904739380e-01	
   2.3122892379760742e+00	   1.7165988683700562e+00	   5.0954067707061768e-01	
   2.2958047389984131e+00	   1.6340072154998779e+00	   5.0950855016708374e-01	
   2.2829408645629883e+00	   1.5512455701828003e+00	   5.0954079627990723e-01	
   2.2726914882659912e+00	   1.4678782224655151e+00	   5.0954061746597290e-01	
   2.2644360065460205e+00	   1.3842785358428955e+00	   5.0953733921051025e-01	
   2.2576661109924316e+00	   1.3005652427673340e+00	   5.0954067707061768e-01	
   2.2519941329956055e+00	   1.2167584896087646e+00	   5.0953960418701172e-01	
   2.2471272945404053e+00	   1.1328982114791870e+00	   5.0954067707061768e-01	
   2.2428681850433350e+00	   1.0490008592605591e+00	   5.0953996181488037e-01	
   2.2390432357788086e+00	   9.6508640050888062e-01	   5.0954097509384155e-01	
   2.2355172634124756e+00	   8.8116317987442017e-01	   5.0953888893127441e-01	
   2.2322392463684082e+00	   7.9723376035690308e-01	   5.0954043865203857e-01	
   2.2291421890258789e+00	   7.1328735351562500e-01	   5.0954091548919678e-01	
   2.2261943817138672e+00	   6.2934124469757080e-01	   5.0954055786132812e-01	
   2.2232842445373535e+00	   5.4539221525192261e-01	   5.0954031944274902e-01	
   2.2204728126525879e+00	   4.6143978834152222e-01	   5.0953948497772217e-01	
   2.2177071571350098e+00	   3.7748396396636963e-01	   5.0954073667526245e-01	
   2.2149875164031982e+00	   2.9353123903274536e-01	   5.0953841209411621e-01	
   2.2122893333435059e+00	   2.0956736803054810e-01	   5.0954091548919678e-01	
   2.2095534801483154e+00	   1.2560945749282837e-01	   5.0954073667526245e-01	
   2.2070007324218750e+00	   4.1651763021945953e-02	   5.0952684879302979e-01	
   2.2042894363403320e+00	  -4.2298845946788788e-02	   5.0953888893127441e-01	
   2.2016391754150391e+00	  -1.2626370787620544e-01	   5.0953972339630127e-01	
   2.1990008354187012e+00	  -2.1021756529808044e-01	   5.0954073667526245e-01	
